K_aug =

   29.7352    0.2208    0.2747


P_aug_ctr =

   0.9900 + 0.0000i
   0.8640 + 0.1189i
   0.8640 - 0.1189i